155 84
-3 -112
-3 -54
0 0
3 57
9 112
26 164
51 207
80 243
117 256
155 252
188 222
216 179
236 124
247 60
256 0
260 -64
265 -128
11 -185
24 -225
47 -237
75 -237
102 -222
135 -219
161 -234
191 -234
218 -219
236 -182
117 -170
118 -134
118 -100
120 -60
90 -9
105 0
120 3
135 0
150 -6
37 -146
51 -158
66 -161
82 -149
67 -143
51 -140
158 -149
176 -158
193 -158
209 -146
193 -140
176 -143
74 85
94 67
110 54
122 60
133 57
151 70
170 91
151 112
133 121
122 118
109 115
92 106
84 85
109 79
122 82
133 85
161 88
133 91
122 91
109 88
